000000000   000000000   000000000   000000000   
000000000   100101001   100111001   101000011   
000000000   100111001   101001001   101010011   
000000000   101000011   101010011   101011100   
000000000   101001001   101011001   101100011   
000000000   101001111   101011111   101100111   
000000000   101010011   101100011   101101011   
000000000   101010110   101100110   101110000   
000000000   101011001   101101000   101110010   
000000000   101011100   101101011   101110100   
000000000   101011111   101101110   101110101   
000000000   101100001   101110000   101110111   
000000000   101100011   101110010   101111001   
000000000   101100100   101110011   101111010   
000000000   101100110   101110100   101111011   
000000000   101100111   101110101   101111101   
000000000   101101000   101110111   101111110   
000000000   101101010   101111000   101111110   
000000000   101101011   101111001   101111111   
000000000   101101101   101111010   110000000   
000000000   101101110   101111011   110000000   
000000000   101110000   101111011   110000000   
000000000   101110000   101111100   110000000   
000000000   101110001   101111101   110000000   
000000000   101110010   101111110   101111111   
000000000   101110010   101111110   101111111   
000000000   101110011   101111111   101111110   
000000000   101110100   101111111   101111101   
000000000   101110100   101111111   101111100   
000000000   101110101   110000000   101111011   
000000000   101110101   110000000   101111010   
000000000   101110110   110000000   101111000   
000000000   101110111   110000000   101110111   
000000000   101110111   110000000   101110101   
000000000   101111000   110000000   101110011   
000000000   101111000   110000000   101110001   
000000000   101111001   101111111   101101110   
000000000   101111001   101111111   101101010   
000000000   101111010   101111111   101100110   
000000000   101111010   101111110   101100001   
000000000   101111011   101111110   101011001   
000000000   101111011   101111101   101001111   
000000000   101111011   101111100   100111001   
000000000   101111100   101111011   000101001   
000000000   101111100   101111011   001001001   
000000000   101111101   101111010   001010110   
000000000   101111101   101111001   001011111   
000000000   101111101   101111000   001100100   
000000000   101111110   101110111   001101000   
000000000   101111110   101110101   001101101   
000000000   101111110   101110100   001110000   
000000000   101111110   101110011   001110010   
000000000   101111111   101110010   001110100   
000000000   101111111   101110000   001110110   
000000000   101111111   101101110   001111000   
000000000   101111111   101101011   001111001   
000000000   101111111   101101000   001111011   
000000000   110000000   101100110   001111100   
000000000   110000000   101100011   001111101   
000000000   110000000   101011111   001111110   
000000000   110000000   101011001   001111111   
000000000   110000000   101010011   001111111   
000000000   110000000   101001001   010000000   
000000000   110000000   100111001   010000000   
