010000000   010000000   010000000   010000000   
010000000   010000000   010000000   010000000   
010000000   010000000   010000000   010000000   
010000000   010000000   010000000   001111111   
010000000   010000000   001111111   001111111   
010000000   010000000   001111111   001111110   
010000000   010000000   001111111   001111101   
010000000   010000000   001111110   001111100   
010000000   001111111   001111110   001111011   
010000000   001111111   001111101   001111001   
010000000   001111111   001111100   001111000   
010000000   001111111   001111011   001110110   
010000000   001111111   001111011   001110100   
010000000   001111110   001111010   001110010   
010000000   001111110   001111001   001110000   
010000000   001111110   001111000   001101101   
010000000   001111110   001110111   001101000   
010000000   001111101   001110101   001100100   
010000000   001111101   001110100   001011111   
010000000   001111101   001110011   001010110   
010000000   001111100   001110010   001001001   
010000000   001111100   001110000   000101001   
010000000   001111011   001101110   100111001   
010000000   001111011   001101011   101001111   
010000000   001111011   001101000   101011001   
010000000   001111010   001100110   101100001   
010000000   001111010   001100011   101100110   
010000000   001111001   001011111   101101010   
010000000   001111001   001011001   101101110   
010000000   001111000   001010011   101110001   
010000000   001111000   001001001   101110011   
010000000   001110111   000111001   101110101   
010000000   001110111   000000000   101110111   
010000000   001110110   100111001   101111000   
010000000   001110101   101001001   101111010   
010000000   001110101   101010011   101111011   
010000000   001110100   101011001   101111100   
010000000   001110100   101011111   101111101   
010000000   001110011   101100011   101111110   
010000000   001110010   101100110   101111111   
010000000   001110010   101101000   101111111   
010000000   001110001   101101011   110000000   
010000000   001110000   101101110   110000000   
010000000   001110000   101110000   110000000   
010000000   001101110   101110010   110000000   
010000000   001101101   101110011   110000000   
010000000   001101011   101110100   101111111   
010000000   001101010   101110101   101111110   
010000000   001101000   101110111   101111110   
010000000   001100111   101111000   101111101   
010000000   001100110   101111001   101111011   
010000000   001100100   101111010   101111010   
010000000   001100011   101111011   101111001   
010000000   001100001   101111011   101110111   
010000000   001011111   101111100   101110101   
010000000   001011100   101111101   101110100   
010000000   001011001   101111110   101110010   
010000000   001010110   101111110   101110000   
010000000   001010011   101111111   101101011   
010000000   001001111   101111111   101100111   
010000000   001001001   101111111   101100011   
010000000   001000011   110000000   101011100   
010000000   000111001   110000000   101010011   
010000000   000101001   110000000   101000011   
